You are performing classical cryptanalysis on a numeric substitution cipher.

Each number represents exactly one plaintext symbol.
The same number always maps to the same plaintext letter.
Different numbers map to different letters.
The plaintext is natural language English.

This is NOT a math problem.
This is a pattern discovery and decoding task.

Your goals:

1. Treat the sequence as a monoalphabetic substitution cipher.
2. Infer the symbol-to-letter mapping using frequency, repetition, and word structure.
3. Identify likely word boundaries and common English patterns.
4. Iteratively refine the mapping to maximize readable English output.
5. Output:
   a) The inferred mapping table (number → letter)
   b) The decoded plaintext
   c) A short explanation of how the mapping was inferred.

Important constraints:

- Do not guess randomly.
- Base decisions on statistical structure.
- Prefer consistent mappings over fluent hallucinations.
- If uncertain, leave symbols as '?' rather than inventing text.

Ciphertext:
1 2 3 4 5 6 7 8 9 10 11 12 13 14 15 16 17 18 19 20 21 22 23 24 25 26 14 27 28 29 30 31 32 33 34 27 19 10 35 36 37 38 39 40 41 26 42 43 7 44 45 46 47 48 49 50 51 52 44 53 45 15 8 54 55 42 56 57 58 59 60 61 26 31 48 62 63 64 2 1 65 66 66 67 7 13 68 12 69 5 70 71 13 54 72 73 74 13 75 76 32 77 78 24 79 73 64 80 81 13 81 82 59 82 83 31 84 22 85 43 86 42 24 36 87 29 53 18 3 60 19 17 85 43 88 4 81 16 89 16 63 27 90 91 92 66 58 27 8 31 93 56 23 64 28 94 84 61 95 82 96 97 32 75 98 58 28 37 99 93 76 39 28 4 64 93 63 76 12 100 101 68 102 103 104 105 23 82 96 80 106 86 57 8 107 41 26 42 71 54 46 19 108 109 50 89 12 23 53 35 110 111 2 53 29 112 79 5 67 113 114 63 28 81 15 115 36 116 47 72 117 6 7 77 118 82 1 11 70 31 84 119 70 120 20 44 103 3 107 88 80 42 27 46 121 98 63 122 54 123 17 44 98 45 112 124 72 92 17 25 110 69 61 53 4 18 119 45 29 125 126 127 53 13 33 128 116 105 83 2 100 112 23 74 67 68 48 25 34 6 27 20 37 3 82 118 49 67 107 128 76 11 129 79 92 90 129 75 52 116 71 93 110 69 12 130 46 8 131 132 133 125 93 42 26 134 66 19 135 27 120 96 136 61 45 4 65 137 48 130 64 84 77 138 30 135 20 139 34 110 18 40 3 60 12 64 21 100 2 33 44 27 38 94 126 89 140 27 24 125 136 31 16 54 55 125 70 38 39 31 32 24 110 129 90 103 118 13 81 99 141 105 17 7 142 43 34 89 9 133 47 34 139 99 41 73 71 131 93 42 87 97 92 95 51 49 78 143 99 90 127 62 39 3 144 82 23 132 107 6 115 116 145 136 92 100 67 51 58 3 85 49 119 146 59 102 93 124 46 90 36 147 7 55 47 46 80 25 138 114 8 119 18 91 11 142 141 45 52 136 66 2 133 84 61 49 13 114 122 31 65 57 148 36 145 32 86 58 6 30 19 117 139 52 85 117 17 143 125 144 39 18 118 77 105 108 144 82 86 15 30 65 27 21 95 76 32 127 131 35 28 102 149 65 88 97 144 147 7 46 4 1 39 30 64 150 24 14 44 74 67 7 48 133 44 145 41 80 124 58 66 128 43 100 35 131 122 31 17 7 22 55 108 151 54 89 29 80 69 63 31 92 127 120 125 2 100 135 62 68 60 88 24 42 87 110 27 1 61 15 45 152 18 3 75 127 108 67 113 129 93 132 47 137 36 67 113 45 122 77 104 88 121 16 49 84 82 114 43 106 96 15 30 68 116 51 81 19 25 96 46 104 101 78 30 37 76 77 130 118 40 130 19 16 140 83 32 141 107 18 118 148 68 152 64 34 45 67 81 17 4 47 151 52 53 119 41 101 12 79 147 78 72 104 134 17 153 107 86 132 20 24 7 139 77 10 78 67 77 86 30 35 59 132 49 109 7 129 9 76 146 19 40 74 142 151 52 3 8 40 31 96 114 78 65 64 92 92 119 126 14 124 16 145 21 59 140 86 53 40 105 124 35 66 135 38 68 136 69 134 29 66 111 27 53 48 16 87 119 27 66 29 118 113 118 31 67 129 128 76 136 99 106 92 90 13 13 54 92 127 47 80 142 152 66 66 67 30 111 137 21 100 12 13 42 97 29 1 132 62 51 72 5 32 142 44 20 121 32 63 6 54 22 121 107 18 56 68 150 1 154 43 100 139 133 124 35 100 75 103 96 32 112 74 18 59 129 63 106 37 135 27 56 95 153 12 14 122 102 43 110 152 14 52 82 127 139 137 22 27 44 36 67 82 106 19 95 84 61 90 56 81 92 119 11 92 81 143 128 152 118 148 36 110 143 118 143 37 70 91 48 28 86 30 94 92 102 5 17 143 154 105 145 152 119 41 142 127 26 27 92 6 153 114 46 78 140 87 38 39 80 41 92 71 26 97 151 57 49 29 22 64 150 79 14 30 141 33 67 107 38 46 2 49 147 133 59 135 26 81 135 54 128 82 58 74 94 51 16 132 95 73 102 31 72 3 55 29 36 15 115 36 147 41 139 104 117 121 8 64 21 33 83 42 90 114 149 91 84 155 53 58 15 62 150 53 69 31 85 127 128 63 38 5 21 54 80 81 134 136 104 63 68 145 16 106 146 115 134 100 34 29 98 120 20 42 152 76 84 147 89 16 3 55 140 10 151 41 117 29 101 81 24 16 140 14 27 66 39 131 142 47 91 136 8 155 115 54 143 113 31 105 118 2 106 135 1 53 143 73 6 16 42 66 58 77 54 26 25 120 95 128 66 3 32 29 109 104 63 106 4 48 62 155 59 87 139 91 92 72 86 123 42 110 41 60 19 75 112 138 21 19 33 96 54 50 48 134 50 128 57 58 100 20 131 41 103 88 111 20 13 148 106 81 148 73 35 96 122 117 145 54 107 73 119 24 93 109 52 136 37 129 145 30 83 44 40 133 146 89 147 106 142 93 83 4 5 126 82 122 20 88 144 93 110 102 94 99 22 117 52 123 75 57 55 16 120 134 155 121 42 20 132 123 83 84 142 124 136 95 104 33 133 70 147 95 144 39 23 48 57 140 107 108 145 146 101 17 115 73 47 150 65 138 140 31 72 83 116 134 29 93 38 154 122 78 87 20 57 123 64 146 61 8 54 103 63 26 36 9 68 118 84 70 134 99 20 16 128 49 147 101 115 14 150 51 56 33 68 50 83 72 141 116 14 24 25 45 8 10 85 134 110 11 14 15 69 71 91 72 120 154 56 133 126 16 20 73 91 47 111 154 58 68 94 90 10 129 79 107 123 54 129 85 65 38 92 119 11 75 41 111 154 88 37 129 14 48 81 78 115 90 105 121 129 23 33 99 25 121 147 49 131 140 111 137 65 149 122 37 74 96 52 50 48 49 50 114 41 4 100 105 96 2 28 65 33 133 84 20 50 25 130 46 10 24 62 153 154 1 61 69 91 141 105 149 84 118 2 38 58 137 139 95 21 142 130 13 147 124 34 79 66 101 93 66 147 89 83 111 87 27 117 146 124 24 33 44 91 92 125 131 153 39 2 64 4 36 78 41 101 30 138 150 123 129 138 15 13 93 21 96 137 76 143 142 24 59 73 71 5 67 88 129 120 125 35 20 135 53 74 146 91 146 148 4 78 39 54 147 88 37 15 149 58 29 20 131 139 76 153 142 18 10 128 120 26 59 21 82 66 118 58 1 59 107 76 102 117 40 147 55 81 3 44 141 43 131 98 90 120 1 99 38 40 16 150 95 137 76 11 82 45 42 81 44 96 85 117 45 143 129 95 122 88 48 14 44 68 25 124 122 102 49 147 41 26 96 152 139 27 131 39 95 16 148 74 37 114 86 15 97 1 111 37 147 46 149 42 40 129 54 92 120 118 80 85 7 150 11 97 16 99 71 17 93 99 2 49 84 1 80 16 119 51 96 114 45 23 77 59 11 29 70 119 113 94 150 12 130 60 131 11 19 142 152 88 66 136 71 86 54 22 100 93 26 3 136 90 40 148 127 118 32 154 138 69 145 149 12 40 94 143 61 93 87 131 32 141 95 141 117 78 143 80 83 77 47 58 57 111 66 70 43 33 137 92 124 143 146 6 98 112 20 118 42 93 34 117 23 29 148 149 15 109 152 1 99 85 154 122 133 66 75 128 63 149 41 113 105 98 43 130 27 56 124 35 33 112 68 106 153 52 80 28 61 76 11 138 132 73 127 47 21 61 40 109 122 98 6 58 78 86 102 99 80 53 53 12 129 125 153 12 110 70 71 68 21 93 96 21 154 101 89 146 51 63 23 80 86 10 139 124 67 12 48 124 32 137 80 25 74 147 134 47 26 15 14 21 48 8 109 115 155 44 74 94 155 123 66 32 154 63 59 35 74 112 100 23 11 29 66 2 5 80 28 29 15 145 152 25 124 152 104 91 73 7 111 59 150 72 118 77 88 8 86 115 85 105 23 99 74 9 97 11 19 40 110 146 53 138 30 154 127 106 149 55 61 62 99 70 110 30 51 105 106 8 68 5 129 154 127 79 75 70 130 74 25 76 32 82 109 15 82 132 125 5 136 5 146 22 138 111 54 114 49 86 143 77 138 30 73 149 25 93 74 46 110 4 5 146 56 14 154 18 47 148 106 46 156 54 101 128 65 88 30 119 4 28 75 138 69 89 11 113 95 60 29 98 63 53 93 4 131 73 70 97 103 83 87 133 44 94 39 97 103 64 70 89 138 84 45 30 65 41 67 98 94 153 39 93 125 150 85 10 95 26 140 27 14 30 129 48 54 128 76 99 12 52 66 128 109 148 71 36 13 42 46 95 73 85 91 116 79 69 105 108 116 43 63 59 22 140 96 51 81 139 137 135 20 133 146 125 39 94 42 85 81 39 128 78 42 145 70 3 128 17 20 126 154 127 130 93 58 91 60 73 5 93 34 130 65 28 91 143 113 155 71 118 70 104 63 106 25 131 46 3 8 49 98 36 103 142 88 150 123 75 129 71 95 140 87 112 1 9 108 87 139 53 19 18 56 31 26 81 22 114 10 139 140 118 19 63 79 150 117 11 142 90 110 98 56 79 14 41 128 8 36 19 23 149 30 70 127 88 99 106 53 19 13 70 41 112 88 152 22 62 51 92 65 38 30 145 122 1 82 28 122 123 108 153 59 128 36 17 84 30 117 11 142 74 150 118 11 19 141 119 106 12 7 1 51 109 93 26 125 75 123 119 12 134 149 25 56 149 58 64 56 125 77 65 68 28 32 99 7 92 92 106 107 99 115 41 111 34 137 29 79 59 139 70 18 91 51 71 65 137 114 56 79 95 93 42 87 134 147 3 155 31 109 84 138 15 111 49 48 33 135 7 70 69 100 37 145 146 110 104 9 146 17 18 18 43 100 102 43 88 122 148 71 20 130 115 115 23 103 102 108 8 6 69 10 32 113 70 109 76 144 19 97 150 133 147 141 59 72 141 10 109 153 99 10 11 104 127 81 13 119 31 140 148 110 37 89 122 79 147 148 94 72 51 97 45 11 75 145 84 98 56 28 16 26 3 126 48 109 39 31 95 45 21 90 6 70 120 66 36 60 73 44 20 96 13 79 19 93 58 14 61 54 92 98 36 149 60 14 30 132 14 149 155 120 83 134 21 75 91 144 29 54 92 68 37 112 137 87 134 123 49 136 113 16 105 137 55 111 78 50 74 122 131 43 94 8 135 38 53 143 114 58 23 59 90 100 19 65 27 42 55 54 84 82 76 136 82 91 60 102 86 141 105 121 129 119 49 87 60 66 83 132 128 63 81 21 14 78 114 8 40 24 125 26 139 112 55 145 73 9 75 138 15 77 145 24 38 99 140 86 69 34 27 77 78 55 54 65 87 100 48 20 12 49 52 24 77 41 103 63 118 80 142 1 140 59 85 134 146 20 134 123 93 4 28 113 32 3 114 20 39 69 89 104 43 72 96 21 135 109 136 135 31 77 52 111 25 71 36 29 133 102 127 81 2 110 34 3 128 31 26 66 115 52 48 130 8 78 115 69 63 97 73 127 9 134 34 87 85 105 74 5 84 107 20 116 154 125 143 39 106 35 1 11 24 45 150 38 12 4 47 22 148 36 147 21 20 24 106 19 91 23 40 120 118 35 68 65 38 100 60 85 46 89 53 37 95 87 119 11 113 75 134 24 108 34 95 4 140 10 144 106 13 31 146 124 48 79 46 49 116 47 110 46 72 105 124 4 19 90 150 121 53 40 91 11 15 20 22 51 106 29 69 49 98 120 10 143 101 62 116 141 13 138 44 30 52 144 142 76 43 59 2 81 112 79 121 153 147 145 35 66 4 38 12 17 67 88 65 137 86 60 81 69 97 102 56 87 5 142 105 154 114 66 84 114 75 125 67 39 98 127 23 2 3 16 45 41 122 40 119 15 16 150 7 8 107 76 103 47 72 76 19 65 52 58 146 117 32 82 126 41 139 25 56 57 122 125 60 37 14 155 127 28 150 42 138 76 80 78 60 80 124 111 87 138 69 106 12 98 149 59 103 102 10 11 80 134 39 81 104 120 74 155 20 153 128 76 60 124 87 140 107 57 147 71 116 131 8 100 80 91 51 24 41 129 85 135 38 21 81 48 62 48 65 38 46 62 29 148 105 47 114 54 67 72 14 67 128 132 110 140 111 88 61 49 113 60 145 150 94 144 147 130 14 15 114 71 68 16 150 14 16 1 122 102 76 68 13 78 30 93 145 91 22 109 153 80 110 11 104 63 23 16 95 122 114 86 30 114 105 106 17 42 53 4 64 85 6 58 24 125 137 111 23 124 19 114 17 19 97 99 125 40 104 88 4 59 32 29 155 43 130 22 96 24 79 47 42 42 26 31 88 22 141 17 114 120 106 48 41 92 120 106 125 126 134 38 4 102 122 81 83 102 24 28 32 148 109 115 142 152 33 33 67 105 78 57 8 23 40 64 67 39 147 47 107 68 77 18 127 68 58 33 16 138 97 107 145 144 100 29 15 138 45 37 49 107 26 95 91 39 96 135 6 57 90 30 149 150 117 153 129 68 72 70 107 6 44 2 133 122 123 5 146 124 51 155 1 24 42 90 75 144 86 85 118 139 114 109 142 133 114 105 66 150 54 153 80 41 147 103 106 99 40 15 52 55 45 146 51 127 66 40 48 3 26 111 22 103 64 140 133 56 95 2 121 124 26 129 109 112 79 23 143 24 125 19 66 90 45 117 143 90 132 149 61 41 72 121 28 42 31 61 38 24 89 92 39 31 129 23 124 77 23 40 47 48 138 136 113 44 124 128 80 48 10 92 66 64 143 61 26 14 103 57 13 141 75 83 11 37 86 51 63 68 122 97 146 80 53 116 154 22 135 27 91 136 138 72 57 87 59 104 49 146 82 75 45 24 79 145 115 148 71 33 24 69 89 98 56 93 3 21 125 101 5 154 5 73 65 94 116 70 23 21 91 131 45 150 30 41 146 113 91 81 123 42 7 107 59 108 107 131 44 10 64 66 98 103 131 67 12 128 71 133 143 96 26 34 138 18 10 153 82 98 56 81 123 104 149 58 54 136 26 145 6 22 28 91 67 104 71 130 71 86 42 88 85 127 95 70 141 120 133 137 18 134 87 140 116 138 123 48 57 60 10 72 47 51 106 98 71 100 29 134 129 33 96 80 88 141 78 155 120 53 108 132 115 62 87 55 6 18 75 114 105 133 31 67 128 150 86 37 52 116 128 5 119 60 119 30 55 83 19 137 65 91 4 29 129 36 84 90 149 29 76 107 98 46 91 92 98 80 97 146 115 133 101 141 74 61 18 97 90 43 103 110 116 116 5 29 121 131 79 83 136 37 126 91 48 108 111 64 46 25 28 101 154 8 18 105 10 116 127 155 63 106 27 37 121 2 14 52 58 36 8 83 87 126 109 44 100 92 110 58 39 68 29 47 75 13 7 103 72 133 80 13 30 54 140 125 13 83 111 22 45 51 127 38 91 48 93 86 21 98 131 98 5 109 60 86 115 112 5 150 37 126 10 136 148 78 115 86 46 81 75 114 22 16 111 47 113 7 121 19 18 97 51 127 103 83 128 74 21 42 31 55 87 96 58 101 117 128 48 52 13 102 84 17 141 135 130 110 2 33 150 55 138 17 9 106 61 120 45 69 20 35 121 4 141 120 47 141 123 96 136 80 117 84 148 79 4 15 74 4 38 67 116 68 69 91 85 105 51 63 100 38 50 89 77 51 91 143 82 135 96 55 125 84 72 53 78 15 20 35 28 146 98 126 108 136 51 71 133 11 83 148 41 132 94 55 129 102 21 52 82 82 55 28 115 119 150 20 50 76 8 102 133 146 147 38 108 99 17 92 147 64 99 31 17 84 47 34 139 137 12 5 40 83 75 154 132 145 52 80 3 22 18 89 70 11 100 77 126 51 120 20 4 20 77 41 139 154 80 14 15 89 24 93 86 4 128 91 60 113 122 125 135 65 108 51 40 134 146 155 145 95 52 129 85 132 125 26 36 94 113 14 94 148 40 49 143 98 45 154 120 62 72 94 146 125 4 27 117 77 139 118 143 19 22 125 146 12 129 25 96 4 21 6 69 126 108 153 2 64 132 108 45 7 107 73 6 41 153 104 44 31 79 129 12 3 150 18 91 32 126 69 28 111 87 9 60 45 18 11 36 140 111 54 107 154 21 96 51 10 145 146 145 30 90 71 133 5 67 51 130 132 150 79 87 94 51 10 6 153 80 135 133 114 18 62 33 32 72 111 145 35 1 4 65 62 88 80 15 134 38 111 12 24 36 116 106 118 32 61 147 83 104 107 45 46 108 82 45 115 8 16 68 147 49 68 99 101 117 50 128 71 20 37 45 67 121 155 105 149 41 40 83 84 39 38 97 82 71 114 43 57 143 29 132 62 12 125 136 29 40 68 2 106 146 85 27 40 97 50 16 115 117 30 70 27 13 130 2 106 60 69 71 49 73 127 101 43 6 18 40 141 105 133 64 80 148 109 52 11 61 31 144 113 16 122 119 65 95 112 108 55 134 90 27 138 115 98 120 130 39 79 16 20 144 29 106 32 147 23 78 115 80 7 116 43 64 42 139 64 60 141 14 146 154 127 28 67 54 48 112 53 21 17 15 116 64 155 107 97 143 85 63 100 136 68 5 82 105 65 45 52 58 56 14 17 12 18 62 139 26 117 34 87 57 101 90 152 125 155 1 107 102 71 130 40 36 90 57 47 104 89 138 136 24 28 4 66 123 106 11 98 91 110 143 123 54 40 141 65 62 48 118 29 133 6 115 78 154 63 121 4 77 93 23 73 49 47 55 128 46 133 131 90 24 121 144 98 75 73 47 104 23 44 25 108 55 87 64 44 22 118 60 37 34 64 150 82 53 132 47 11 76 48 94 111 99 118 4 68 86 30 154 130 143 93 134 103 9 62 39 112 137 43 131 143 39

Begin analysis.